monetary frequency purchase_price
1 3200 4 800
2 3400 5 680
3 4400 6 733.333333333333
4 11270 9 1252.22222222222
5 14630 6 2438.33333333333
6 48680 9 5408.88888888889
7 800 1 800
8 88730 11 8066.36363636364
9 11290 3 3763.33333333333
10 1800 3 600
11 43330 12 3610.83333333333
12 90070 9 10007.7777777778
13 39440 9 4382.22222222222
14 22760 4 5690
15 1200 3 400
16 700 2 350
17 56480 5 11296
18 36980 12 3081.66666666667
19 340 11 30.9090909090909
20 3170 7 452.857142857143
21 5680 11 516.363636363636
22 8440 6 1406.66666666667
23 11900 1 11900
24 1100 1 1100
25 5500 1 5500
26 7500 1 7500
27 1100 1 1100
28 800 1 800
29 6000 1 6000
30 200 1 200
31 600 1 600
32 25300 1 25300
33 45650 1 45650
34 1000 1 1000
35 700 1 700
36 600 1 600
37 800 1 800
38 7000 1 7000
39 700 1 700
40 900 1 900
41 300 1 300
42 2900 1 2900
43 30190 1 30190
44 24380 1 24380
45 400 1 400
46 23330 1 23330
47 700 1 700
48 8500 1 8500
49 900 1 900
50 20210 1 20210
51 7620 1 7620
52 19940 1 19940
53 600 1 600
54 12820 1 12820
55 500 1 500
56 38640 1 38640
57 1600 1 1600
58 10600 1 10600
59 5500 1 5500
60 700 1 700
61 14630 1 14630
62 4550 1 4550
63 600 1 600
64 5080 1 5080
65 200 1 200
66 14490 1 14490
67 28160 1 28160
68 1800 1 1800
69 14100 1 14100
70 33040 1 33040
71 1800 1 1800
72 200 1 200
73 600 1 600
74 200 1 200
75 20070 1 20070
76 400 1 400
77 1000 1 1000
78 500 1 500
79 600 1 600
80 700 1 700
81 700 1 700
82 1000 1 1000
83 6770 1 6770
84 800 1 800
85 1500 1 1500
86 22450 1 22450
87 800 1 800
88 1100 1 1100
89 18350 1 18350
90 13900 1 13900
91 19750 1 19750
92 400 1 400
93 7040 1 7040
94 9100 1 9100
95 10580 1 10580
96 500 1 500
97 14260 1 14260
98 5400 1 5400
99 13850 1 13850
100 17370 1 17370
101 5070 1 5070
102 1100 1 1100
103 1100 1 1100
104 12140 1 12140
105 900 1 900
106 800 1 800
107 900 1 900
108 4200 1 4200
109 700 1 700
110 1100 1 1100
111 1000 1 1000
112 1300 1 1300
113 8000 1 8000
114 6000 1 6000
115 159710 18 8872.77777777778
116 500 1 500
117 19140 1 19140
118 33900 1 33900
119 4100 1 4100
120 10500 1 10500
121 122660 14 8761.42857142857
122 6200 1 6200
123 8000 1 8000
124 200 1 200
125 500 1 500
126 3100 1 3100
127 300 1 300
128 161890 20 8094.5
129 61790 11 5617.27272727273
130 5200 1 5200
131 800 1 800
132 200 1 200
133 800 1 800
134 200 1 200
135 900 1 900
136 3900 1 3900
137 900 1 900
138 600 1 600
139 900 1 900
140 30 1 30
141 20 1 20
142 20 1 20
143 10 1 10
144 20 1 20
145 120 1 120
146 40 1 40
147 10 1 10
148 20 1 20
149 20 1 20
150 30 1 30
151 10 1 10
152 20 1 20
153 20 1 20
154 100 1 100
155 10 1 10
156 140 1 140
157 100 1 100
158 20 1 20
159 40 1 40
160 160 1 160
161 110 1 110
162 60 1 60
163 80 1 80
164 30 1 30
165 70 1 70
166 30 1 30
167 20 1 20
168 10 1 10
169 90 1 90
170 110 1 110
171 60 1 60
172 0 1 0
173 70 1 70
174 10 1 10
175 20 1 20
176 30 1 30
177 0 1 0
178 50 1 50
179 10 1 10
180 110 1 110
181 20 1 20
182 40 1 40
183 70 1 70
184 20 1 20
185 250 1 250
186 30 1 30
187 0 1 0
188 120 1 120
189 200 1 200
190 20 1 20
191 60 1 60
192 50 1 50
193 100 1 100
194 150 1 150
195 220 1 220
196 40 1 40
197 30 1 30
198 20 1 20
199 10 1 10
200 20 1 20
201 60 1 60
202 39280 1 39280
203 10 1 10
204 150 1 150
205 50 1 50
206 50 1 50
207 20 1 20
208 20 1 20
209 30 1 30
210 10 1 10
211 110 1 110
212 20 1 20
213 40 1 40
214 30 1 30
215 18970 1 18970
216 3200 1 3200
217 50 1 50
218 44460 1 44460
219 30 1 30
220 340 1 340
221 80 1 80
222 60 1 60
223 20 1 20
224 10 1 10
225 120 1 120
226 270 1 270
227 90 1 90
228 10 1 10
229 120 1 120
230 30 1 30
231 30 1 30
232 30 1 30
233 10 1 10
234 40 1 40
235 40 1 40
236 50 1 50
237 80 1 80
238 10 1 10
239 70 1 70
240 90 1 90
241 40 1 40
242 30 1 30
243 10 1 10
244 70 1 70
245 20 1 20
246 70 1 70
247 20 1 20
248 50 1 50
249 7700 1 7700
250 2500 1 2500
251 3900 1 3900
252 300 1 300
253 10800 1 10800
254 21400 1 21400
255 700 1 700
256 33040 1 33040
257 8900 1 8900
258 4200 1 4200
259 7080 1 7080
260 700 1 700
261 400 1 400
262 1000 1 1000
263 500 1 500
264 500 1 500
265 6900 1 6900
266 30560 1 30560
267 10200 1 10200
268 13400 1 13400
269 8100 1 8100
270 18450 1 18450
271 2900 1 2900
272 8100 1 8100
273 5200 1 5200
274 9500 1 9500
275 900 1 900
276 8810 1 8810
277 37300 1 37300
278 1100 1 1100
279 3200 1 3200
280 10700 1 10700
281 10600 1 10600
282 600 1 600
283 11800 1 11800
284 25300 1 25300
285 11540 1 11540
286 24380 1 24380
287 42230 1 42230
288 300 1 300
289 20210 1 20210
290 2700 1 2700
291 7620 1 7620
292 19940 1 19940
293 14610 1 14610
294 3900 1 3900
295 1100 1 1100
296 300 1 300
297 6770 1 6770
298 2200 1 2200
299 1000 1 1000
300 2500 1 2500
301 22450 1 22450
302 16930 1 16930
303 500 1 500
304 400 1 400
305 5100 1 5100
306 18500 1 18500
307 19750 1 19750
308 700 1 700
309 7040 1 7040
310 900 1 900
311 700 1 700
312 10580 1 10580
313 9560 1 9560
314 31990 1 31990
315 4940 1 4940
316 10 1 10
317 10 1 10
318 10 1 10
319 10 1 10
320 30 1 30
321 10 1 10
322 10 1 10
323 10 1 10
324 10 1 10
325 10 1 10
326 10 1 10
327 10 1 10
328 10 1 10
329 10 1 10
330 10 1 10
331 4400 1 4400
332 10 1 10
333 10 1 10
334 10 1 10
335 10 1 10
336 10 1 10
337 10 1 10
338 10 1 10
339 10 1 10
340 10 1 10
341 10 1 10
342 10 1 10
343 10 1 10
344 10 1 10
345 10 1 10
346 10 1 10
347 10 1 10
348 10 1 10
349 10 1 10
350 10 1 10
351 10 1 10
352 10 1 10
353 10 1 10
354 10 1 10
355 10 1 10
356 10 1 10
357 10 1 10
358 10 1 10
359 10 1 10
360 10 1 10
361 10 1 10
362 10 1 10
363 10 1 10
364 10 1 10
365 10 1 10
366 10 1 10
367 30 1 30
368 10 1 10
369 10 1 10
370 30 1 30
371 23400 1 23400
372 10 1 10
373 10 1 10
374 10 1 10
375 10 1 10
376 10 1 10
377 10 1 10
378 10 1 10
379 30 1 30
380 10 1 10
381 30 1 30
382 10 1 10
383 10 1 10
384 10 1 10
385 10 1 10
386 10 1 10
387 10 1 10
388 10 1 10
389 10 1 10
390 10 1 10
391 10 1 10
392 10 1 10
393 10 1 10
394 10 1 10
395 10 1 10
396 10 1 10
397 10 1 10
398 10 1 10
399 10 1 10
400 10 1 10
401 10 1 10
402 10 1 10
403 10 1 10
404 10 1 10
405 10 1 10
406 10 1 10
407 10 1 10
408 10500 1 10500
409 10 1 10
410 10 1 10
411 30 1 30
412 5800 1 5800
413 41100 1 41100
414 10 1 10
415 10 1 10
416 10 1 10
417 10 1 10
418 10 1 10
419 10 1 10
420 10 1 10
421 10 1 10
422 52360 37 1415.13513513514
423 7730 43 179.767441860465
424 2390 14 170.714285714286
425 2820 18 156.666666666667
426 3970 26 152.692307692308
427 2350 14 167.857142857143
428 4540 26 174.615384615385
429 3550 25 142
430 3090 17 181.764705882353
431 10 1 10
432 10 1 10
433 10 1 10
434 21000 1 21000
435 10 1 10
436 10 1 10
437 10 1 10
438 10 1 10
439 10 1 10
440 10 1 10
441 10 1 10
442 10 1 10
443 10 1 10
444 10 1 10
445 10 1 10
446 10 1 10
447 10 1 10
448 10 1 10
449 10 1 10
450 10 1 10
451 10 1 10
452 24200 1 24200
453 30 1 30
454 10 1 10
455 23900 1 23900
456 10 1 10
457 4500 1 4500
458 10 1 10
459 10 1 10
460 10 1 10
461 10 1 10
462 10 1 10
463 10 1 10
464 10 1 10
465 10 1 10
466 10 1 10
467 10 1 10
468 10 1 10
469 10 1 10
470 30 1 30
471 10 1 10
472 10 1 10
473 10 1 10
474 10 1 10
475 30 1 30
476 10 1 10
477 10 1 10
478 10 1 10
479 10 1 10
480 10 1 10
481 10 1 10
482 10 1 10
483 10 1 10
484 10 1 10
485 90 6 15
486 11290 11 1026.36363636364
487 200 14 14.2857142857143
488 2760 20 138
489 200 14 14.2857142857143
490 290 19 15.2631578947368
491 10810 21 514.761904761905
492 9810 15 654
